4826 38803 56203 I
4826 38803 56203 I
3257 4826 38803 56203 I
6939 4826 38803 56203 I
6461 174 4826 38803 56203 I
4826 38803 56203 I
4826 38803 56203 I
3257 4826 38803 56203 I
6939 4826 38803 56203 I
6461 174 4826 38803 56203 I
4826 38803 56203 56203 56203 I
4826 38803 56203 56203 56203 I
3257 4826 38803 56203 56203 56203 I
6939 4826 38803 56203 56203 56203 I
6461 174 4826 38803 56203 56203 56203 I
3257 4637 1221 38803 I
6461 4637 1221 38803 I
6461 4637 1221 38803 I
10026 24155 I
6461 3491 24155 I
3257 10026 24155 I
6939 10026 24155 I
6461 2516 7670 18144 I
3257 2516 7670 18144 I
3257 2516 7670 18144 I
6939 4725 4725 7670 7670 7670 18144 I
3257 38040 9737 I
3257 38040 9737 I
6461 6762 38040 9737 I
3257 38040 9737 I
6461 6762 38040 9737 I
3257 38040 9737 I
3257 38040 9737 I
6461 6762 38040 9737 I
6461 2516 4651 9737 23969 I
3257 2516 4651 9737 23969 I
3257 2516 4651 9737 23969 I
3257 38040 9737 23969 I
3257 38040 9737 23969 I
6461 6762 38040 9737 23969 I
6461 2516 4651 9737 23969 I
3257 2516 4651 9737 23969 I
3257 2516 4651 9737 23969 I
6461 2516 4651 9737 23969 I
3257 2516 4651 9737 23969 I
3257 2516 4651 9737 23969 I
6461 2516 4651 9737 23969 I
3257 2516 4651 9737 23969 I
3257 2516 4651 9737 23969 I
3257 38040 9737 I
3257 38040 9737 I
6461 6762 38040 9737 I
3257 2516 4651 9737 23969 I
6461 6762 4651 9737 23969 I
6461 3356 4651 9737 23969 I
3257 38040 9737 I
6461 6762 38040 9737 I
3257 38040 9737 I
3257 38040 9737 I
6461 6762 38040 9737 I
3257 2516 4651 9737 23969 I
6461 6762 4651 9737 23969 I
6461 3356 4651 9737 23969 I
6461 2516 4651 9737 23969 I
3257 2516 4651 9737 23969 I
3257 2516 4651 9737 23969 I
6461 2516 4651 9737 23969 I
3257 2516 4651 9737 23969 I
3257 2516 4651 9737 23969 I
6461 2516 4651 9737 23969 I
3257 3491 4651 9737 23969 I
3257 6453 4651 9737 23969 I
3257 38040 9737 I
3257 38040 9737 I
6461 6762 38040 9737 I
3257 701 38040 9737 23969 I
6461 701 38040 9737 23969 I
6461 701 38040 9737 23969 I
6461 4134 I
3257 4134 I
3257 4134 I
9304 18046 133948 I
6461 3356 9304 18046 133948 I
3257 15412 9304 18046 133948 I
3257 15412 17408 58730 I
6461 15412 17408 58730 I
6461 15412 17408 58730 I
6939 10026 18046 17408 58730 I
10026 2519 I
6461 2516 2519 I
3257 10026 2519 I
6939 10026 2519 I
10026 2519 I
6461 2516 2519 I
3257 10026 2519 I
6939 10026 2519 I
10026 2519 I
6461 2516 2519 I
3257 10026 2519 I
6939 10026 2519 I
10026 2519 I
6461 2516 2519 I
3257 10026 2519 I
6939 10026 2519 I
10026 2519 I
6461 2516 2519 I
3257 10026 2519 I
6939 10026 2519 I
10026 2519 I
6461 2516 2519 I
3257 10026 2519 I
6939 10026 2519 I
10026 2519 I
6461 2516 2519 I
3257 10026 2519 I
6939 10026 2519 I
10026 2519 I
6461 2516 2519 I
3257 10026 2519 I
6939 10026 2519 I
10026 2519 I
6461 2516 2519 I
3257 10026 2519 I
6939 10026 2519 I
10026 2519 I
6461 2516 2519 I
3257 10026 2519 I
6939 10026 2519 I
10026 2519 I
6461 2516 2519 I
3257 10026 2519 I
6939 10026 2519 I
10026 2519 I
6461 2516 2519 I
3257 10026 2519 I
6939 10026 2519 I
10026 2519 I
6461 2516 2519 I
3257 10026 2519 I
6939 10026 2519 I
10026 2519 I
6461 2516 2519 I
3257 10026 2519 I
6939 10026 2519 I
10026 2519 I
6461 2516 2519 I
3257 10026 2519 I
6939 10026 2519 I
3257 38040 9737 I
3257 38040 9737 I
6461 6762 38040 9737 I
3257 38040 9737 I
3257 38040 9737 I
6461 6762 38040 9737 I
3257 38040 9737 I
3257 38040 9737 I
6461 6762 38040 9737 I
6461 2516 4651 9737 23969 I
3257 2516 4651 9737 23969 I
3257 2516 4651 9737 23969 I
6461 2516 4651 9737 23969 I
3257 2516 4651 9737 23969 I
3257 2516 4651 9737 23969 I
6461 2516 4651 9737 23969 I
3257 2516 4651 9737 23969 I
3257 2516 4651 9737 23969 I
3257 38040 9737 I
3257 38040 9737 I
6461 6762 38040 9737 I
3257 701 38040 9737 23969 I
6461 701 38040 9737 23969 I
6461 701 38040 9737 23969 I
6461 2516 4651 9737 23969 I
3257 2516 4651 9737 23969 I
3257 2516 4651 9737 23969 I
6461 2516 4651 9737 23969 I
3257 2516 4651 9737 23969 I
3257 2516 4651 9737 23969 I
6461 2516 4651 9737 23969 I
3257 2516 4651 9737 23969 I
3257 2516 4651 9737 23969 I
3257 38040 9737 I
3257 38040 9737 I
6461 701 38040 9737 I
3257 38040 9737 I
3257 38040 9737 I
6461 6762 38040 9737 I
6461 2516 4651 9737 23969 I
3257 3491 4651 9737 23969 I
3257 6453 4651 9737 23969 I
3257 2914 4651 9737 23969 I
6461 6762 4651 9737 23969 I
6461 3356 4651 9737 23969 I
6461 2516 4651 9737 23969 I
3257 3491 4651 9737 23969 I
3257 6453 4651 9737 23969 I
6461 2516 4651 9737 23969 I
3257 2516 4651 9737 23969 I
3257 2516 4651 9737 23969 I
6461 2516 4651 9737 23969 I
3257 2516 4651 9737 23969 I
3257 2516 4651 9737 23969 I
3257 15412 17408 58730 I
6461 15412 17408 58730 I
6461 15412 17408 58730 I
6939 10026 18046 17408 58730 I
6461 6453 4641 24151 I
6461 6453 4641 24151 I
3257 58453 58453 9808 24409 I
3257 9416 18042 18046 I
3257 9416 18042 18046 I
6461 2914 9416 18042 18046 I
3257 38040 9737 I
3257 38040 9737 I
6461 6762 38040 9737 I
3257 38040 9737 I
6461 6762 38040 9737 I
3257 38040 9737 I
3257 38040 9737 I
6461 6762 38040 9737 I
3257 38040 9737 I
3257 38040 9737 I
6461 6762 38040 9737 I
3257 2516 4651 9737 23969 I
6461 6762 4651 9737 23969 I
6461 3356 4651 9737 23969 I
6461 2516 4651 9737 23969 I
3257 2516 4651 9737 23969 I
3257 2516 4651 9737 23969 I
6461 2516 4651 9737 23969 I
3257 2516 4651 9737 23969 I
3257 2516 4651 9737 23969 I
6461 2516 4651 9737 23969 I
3257 3491 4651 9737 23969 I
3257 6453 4651 9737 23969 I
6461 2516 4651 9737 23969 I
3257 2516 4651 9737 23969 I
3257 2516 4651 9737 23969 I
6461 2516 4651 9737 23969 I
3257 2516 4651 9737 23969 I
3257 2516 4651 9737 23969 I
6461 2516 4651 9737 23969 I
3257 2516 4651 9737 23969 I
3257 2516 4651 9737 23969 I
6461 2516 4651 9737 23969 I
3257 2516 4651 9737 23969 I
3257 2516 4651 9737 23969 I
3257 38040 9737 I
6461 6762 38040 9737 I
3257 38040 9737 I
3257 38040 9737 I
6461 6762 38040 9737 I
3257 701 38040 9737 23969 I
6461 701 38040 9737 23969 I
6461 701 38040 9737 23969 I
3257 38040 9737 I
3257 38040 9737 I
6461 6762 38040 9737 I
6461 6762 4651 9737 23969 I
3257 6453 4651 9737 23969 I
3257 2914 4651 9737 23969 I
3257 38040 9737 23969 I
3257 38040 9737 23969 I
6461 2914 38040 9737 23969 I
6461 2516 4651 9737 23969 I
3257 3491 4651 9737 23969 I
3257 6453 4651 9737 23969 I
6461 3491 133741 I
3257 9416 18042 133948 I
6461 3491 133741 I
3257 9416 18042 133948 I
3257 3491 133741 I
6461 3491 133741 I
6461 3491 133741 I
6461 3491 133741 I
3257 9416 18042 133948 I
3257 38040 9737 I
3257 38040 9737 I
6461 6762 38040 9737 I
3257 38040 9737 I
6461 6762 38040 9737 I
3257 38040 9737 I
3257 38040 9737 I
6461 6762 38040 9737 I
6461 2516 4651 9737 23969 I
3257 3491 4651 9737 23969 I
3257 6453 4651 9737 23969 I
6461 2516 4651 9737 23969 I
3257 2516 4651 9737 23969 I
3257 2516 4651 9737 23969 I
3257 38040 9737 I
3257 38040 9737 I
6461 6762 38040 9737 I
3257 38040 9737 I
3257 38040 9737 I
6461 6762 38040 9737 I
3257 38040 9737 I
3257 38040 9737 I
6461 6762 38040 9737 I
6461 2516 4651 9737 23969 I
3257 2516 4651 9737 23969 I
3257 2516 4651 9737 23969 I
6461 2516 4651 9737 23969 I
3257 2516 4651 9737 23969 I
3257 2516 4651 9737 23969 I
6461 2516 4651 9737 23969 I
3257 3491 4651 9737 23969 I
3257 6453 4651 9737 23969 I
3257 38040 9737 I
3257 38040 9737 I
6461 6762 38040 9737 I
3257 1239 4725 I
6939 17676 4725 I
6461 701 4725 I
6461 701 4725 I
3257 3356 7497 38345 I
6461 3356 7497 38345 I
6461 3356 7497 38345 I
3257 2914 4641 38345 I
6461 6453 4641 38345 I
6461 6453 4641 38345 I
3257 6453 38345 I
6461 6453 38345 I
6461 6453 38345 I
3257 6453 38345 I
6461 6453 38345 I
6461 6453 38345 I
6939 53587 38345 I
6939 53587 38345 I
6939 53587 38345 I
6461 174 53587 38345 I
3257 174 53587 38345 I
3257 2914 4641 38345 I
6461 3356 7497 38345 I
6461 3356 7497 38345 I
3257 2914 4641 38345 I
6461 3356 7497 38345 I
6461 3356 7497 38345 I
3257 6453 38345 I
6461 6453 38345 I
6461 6453 38345 I
3257 6453 38345 I
6461 6453 38345 I
6461 6453 38345 I
3257 3356 7497 38345 I
6461 3356 7497 38345 I
6461 3356 7497 38345 I
3257 3356 7497 38345 I
6461 3356 7497 38345 I
6461 3356 7497 38345 I
3257 2914 4641 38345 I
6461 3356 7497 38345 I
6461 3356 7497 38345 I
3257 2914 4641 38345 I
6461 3356 7497 38345 I
6461 3356 7497 38345 I
3257 6453 38345 I
6461 6453 38345 I
6461 6453 38345 I
3257 6453 38345 I
6461 6453 38345 I
6461 6453 38345 I
3257 4788 I
3257 4788 I
6461 3356 4788 I
3257 6453 6453 4788 I
6461 6453 6453 4788 I
6461 6453 6453 4788 I
3257 4788 ?
3257 4788 ?
6461 6453 4788 ?
3257 4788 ?
3257 4788 ?
6461 6453 4788 ?
3257 4788 ?
3257 4788 ?
6461 6453 4788 ?
3257 4788 ?
3257 4788 ?
6461 6453 4788 ?
3257 4788 ?
3257 4788 ?
6461 6453 4788 ?
3257 4788 ?
3257 4788 ?
6461 6453 4788 ?
3257 4788 ?
3257 4788 ?
6461 6453 4788 ?
3257 4788 ?
3257 4788 ?
6461 6453 4788 ?
3257 4788 ?
3257 4788 ?
6461 6453 4788 ?
3257 4788 ?
3257 4788 ?
6461 6453 4788 ?
3257 4788 ?
3257 4788 ?
6461 6453 4788 ?
3257 4788 ?
3257 4788 ?
6461 6453 4788 ?
3257 4788 ?
3257 4788 ?
6461 6453 4788 ?
3257 4788 ?
3257 4788 ?
6461 6453 4788 ?
3257 4788 ?
3257 4788 ?
6461 6453 4788 ?
3257 4788 ?
3257 4788 ?
6461 6453 4788 ?
3257 4788 ?
3257 4788 ?
6461 6453 4788 ?
3257 4788 ?
3257 4788 ?
6461 6453 4788 ?
3257 4788 ?
3257 4788 ?
6461 6453 4788 ?
3257 4788 ?
3257 4788 ?
6461 6453 4788 ?
3257 4788 ?
3257 4788 ?
6461 6453 4788 ?
3257 4788 ?
3257 4788 ?
6461 6453 4788 ?
3257 4788 ?
3257 4788 ?
6461 6453 4788 ?
3257 4788 ?
3257 4788 ?
6461 6453 4788 ?
3257 4788 ?
3257 4788 ?
6461 6453 4788 ?
3257 4788 ?
3257 4788 ?
6461 6453 4788 ?
3257 4788 ?
3257 4788 ?
6461 6453 4788 ?
3257 4788 ?
3257 4788 ?
6461 6453 4788 ?
3257 15412 17408 58730 I
6461 15412 17408 58730 I
6461 15412 17408 58730 I
6939 10026 18046 17408 58730 I
3257 3491 133741 I
6461 3491 133741 I
6461 3491 133741 I
3257 3491 133741 I
6461 3491 133741 I
6461 3491 133741 I
3257 3491 133741 I
6461 3491 133741 I
6461 3491 133741 I
6461 3491 133741 I
3257 9416 18042 133948 I
6461 3491 133741 I
3257 9416 18042 133948 I
3257 3491 133741 I
6461 3491 133741 I
6461 3491 133741 I
3257 3491 133741 I
6461 3491 133741 I
6461 3491 133741 I
6461 3491 133741 I
3257 9416 18042 133948 I
6461 3491 133741 I
3257 9416 18042 133948 I
6461 3491 133741 I
3257 9416 18042 133948 I
6461 1299 38040 9737 I
3257 1299 38040 9737 I
3257 1299 38040 9737 I
3257 701 38040 9737 23969 I
6461 701 38040 9737 23969 I
6461 701 38040 9737 23969 I
6461 6762 4651 9737 23969 I
3257 3491 4651 9737 23969 I
3257 6453 4651 9737 23969 I
3257 38040 9737 I
3257 38040 9737 I
6461 6762 38040 9737 I
3257 38040 9737 I
3257 38040 9737 I
6461 6762 38040 9737 I
3257 38040 9737 23969 I
3257 38040 9737 23969 I
6461 6762 38040 9737 23969 I
6461 2516 4651 9737 23969 I
3257 3491 4651 9737 23969 I
3257 6453 4651 9737 23969 I
3257 1239 3786 38091 18313 I
6461 701 3786 38091 18313 I
6461 701 3786 38091 18313 I
3257 1239 3786 38091 18313 I
6461 701 3786 38091 18313 I
6461 701 3786 38091 18313 I
3257 1239 3786 38091 18313 I
6461 701 3786 38091 18313 I
6461 701 3786 38091 18313 I
3257 1239 3786 38091 18313 I
6461 701 3786 38091 18313 I
6461 701 3786 38091 18313 I
3257 1239 3786 38091 18313 I
6461 701 3786 38091 18313 I
6461 701 3786 38091 18313 I
6461 3491 9848 38091 38091 18313 I
3257 1239 3786 9457 38091 18313 I
3257 1239 3786 9457 38091 18313 I
3257 1239 3786 38091 18313 I
6461 701 3786 38091 18313 I
6461 701 3786 38091 18313 I
3257 1239 3786 38091 18313 I
6461 701 3786 38091 18313 I
6461 701 3786 38091 18313 I
6461 3491 9848 38091 I
3257 3491 9848 38091 I
3257 3491 9848 38091 I
6461 3491 9848 38091 I
3257 3491 9848 38091 I
3257 3491 9848 38091 I
6461 3491 9848 38091 I
3257 3491 9848 38091 I
3257 3491 9848 38091 I
6461 701 3786 9457 38091 I
6461 701 3786 9457 38091 I
3257 3491 9848 38091 38091 38091 38091 38091 I
6461 3491 9848 38091 I
3257 3491 9848 38091 I
3257 3491 9848 38091 I
3257 1239 9318 45996 I
6461 2828 9318 45996 I
6461 2828 9318 45996 I
3257 1239 9318 45996 I
6461 2828 9318 45996 I
6461 2828 9318 45996 I
6461 3491 9848 38091 38669 I
3257 15412 9848 9848 9848 9848 38091 38669 I
6461 701 3786 38091 38669 I
6461 701 3786 38091 38669 I
3257 15412 9848 9848 9848 9848 38091 38091 38091 38091 38091 38091 38669 I
6461 701 3786 38091 38669 I
6461 701 3786 38091 38669 I
3257 15412 9848 9848 9848 9848 38091 38091 38091 38091 38091 38091 38669 I
6461 701 3786 38091 38669 I
6461 701 3786 38091 38669 I
3257 15412 9848 9848 9848 9848 38091 38091 38091 38091 38091 38091 38669 I
6461 701 3786 38091 38669 I
6461 701 3786 38091 38669 I
3257 15412 9848 9848 9848 9848 38091 38091 38091 38091 38091 38091 38669 I
6461 701 3786 38091 38669 I
6461 701 3786 38091 38669 I
3257 15412 9848 9848 9848 9848 38091 38091 38091 38091 38091 38091 38669 I
6461 701 3786 38091 38669 I
6461 701 3786 38091 38669 I
3257 15412 9848 9848 9848 9848 38091 38091 38091 38091 38091 38091 38669 I
6461 701 3786 38091 38669 I
6461 701 3786 38091 38669 I
3257 15412 9848 9848 9848 9848 38091 38091 38091 38091 38091 38091 38669 I
3257 1239 3786 38091 17839 I
6461 701 3786 38091 17839 I
6461 701 3786 38091 17839 I
3257 1239 3786 38091 17839 I
6461 701 3786 38091 17839 I
6461 701 3786 38091 17839 I
3257 1239 3786 38091 17839 I
6461 701 3786 38091 17839 I
6461 701 3786 38091 17839 I
6461 4134 4847 18245 I
3257 4134 4847 18245 I
3257 4134 4847 18245 I
6939 4826 38803 56203 I
6939 4826 38803 56203 I
6939 4826 38803 56203 I
6939 4826 38803 56203 I
6939 4826 38803 56203 56203 56203 I
6939 4826 38803 56203 56203 56203 I
6939 10026 24155 I
6939 4725 4725 7670 7670 7670 18144 I
6939 10026 18046 17408 58730 I
6939 10026 2519 I
6939 10026 2519 I
6939 10026 2519 I
6939 10026 2519 I
6939 10026 2519 I
6939 10026 2519 I
6939 10026 2519 I
6939 10026 2519 I
6939 10026 2519 I
6939 10026 2519 I
6939 10026 2519 I
6939 10026 2519 I
6939 10026 2519 I
6939 10026 2519 I
6939 10026 2519 I
6939 10026 18046 17408 58730 I
6939 17676 4725 I
6939 53587 38345 I
6939 53587 38345 I
6939 10026 18046 17408 58730 I
